Running Monte Carlo simulation 
ME power MC 
B: 500 
nobs 5 
rho.lag 0.6 
B.size 100 
468 0.467983324335225 475 0.483117930299557 1.00099625532163 1.00003171865586 479 5 0.6 100 
2 
B.size 500 
478 0.510836672457657 476 0.504519258792445 1.00073162044433 1.00066852659903 486 5 0.6 500 
3 
B.size 1000 
472 0.489055932548607 465 0.488331059791599 1.00031813409953 1.00039059658434 479 5 0.6 1000 
4 
rho.lag 0.9 
B.size 100 
463 0.461605452220194 472 0.470918693876079 1.00149728775767 1.00018492067365 473 5 0.9 100 
5 
B.size 500 
481 0.488675304573957 484 0.487467532816585 0.999534883917088 0.999599105618505 489 5 0.9 500 
6 
B.size 1000 
462 0.501169499839895 468 0.503474001535017 0.999496769708674 1.00012924728726 490 5 0.9 1000 
7 
nobs 10 
rho.lag 0.6 
B.size 100 
443 0.449416627573867 477 0.495125539498543 0.999549992159276 0.999291755737411 452 10 0.6 100 
8 
B.size 500 
470 0.493920365909241 471 0.499078677343893 0.999257048157955 0.999387708875579 465 10 0.6 500 
9 
B.size 1000 
467 0.486243932570687 466 0.486454798731549 0.999692755834713 0.999965642958337 465 10 0.6 1000 
10 
rho.lag 0.9 
B.size 100 
452 0.423923184511111 471 0.47786210561601 0.998880654645441 0.999821061210319 457 10 0.9 100 
11 
B.size 500 
473 0.497892168232836 483 0.506584206549328 1.00003045073553 0.999969052303188 482 10 0.9 500 
12 
B.size 1000 
467 0.490791878559666 478 0.49911384673897 1.00016826728142 1.00027078793625 473 10 0.9 1000 
13 
Running Monte Carlo simulation 
1608326919.89365 
ME power MC 
B: 75 
nobs 5 
rho.lag 0.6 
B.size 100 
72 0.523902705151119 71 0.53441297167436 1.00209285204385 0.998426314612493 74 0.513974625801693 5 0.6 100 
2 
B.size 500 
72 0.533020816130374 72 0.526890168828944 0.998626914673389 0.998760051581088 75 0.511266101973403 5 0.6 500 
3 
B.size 1000 
70 0.49200923893223 73 0.50686534433425 1.00129282662117 1.00051579454212 72 0.514261211453486 5 0.6 1000 
4 
rho.lag 0.9 
B.size 100 
71 0.457019815795279 71 0.475200515160848 0.995216125597359 1.00198489342399 73 0.485852832208399 5 0.9 100 
5 
B.size 500 
71 0.482995535105711 70 0.488838040230897 0.99936398852136 1.00031011802086 72 0.488157597733963 5 0.9 500 
6 
B.size 1000 
69 0.505238164239187 69 0.509672880790018 0.999958853199122 1.00080488004487 75 0.484905712039493 5 0.9 1000 
7 
nobs 10 
rho.lag 0.6 
B.size 100 
67 0.437479486426719 69 0.508252197760247 0.995987074712365 0.995832806197602 69 0.636771664694495 10 0.6 100 
8 
B.size 500 
72 0.443685040298435 73 0.472567584559578 1.00339942035996 1.00211134092766 72 0.641840207546496 10 0.6 500 
9 
B.size 1000 
73 0.513920475930137 71 0.512734593856846 1.00030471410132 1.00005643715924 73 0.640414024624423 10 0.6 1000 
10 
rho.lag 0.9 
B.size 100 
73 0.482581243017321 73 0.513697985920157 1.00240788839028 1.00091882250437 73 0.655298346152081 10 0.9 100 
11 
B.size 500 
71 0.457355632158554 73 0.50401482071849 0.999952042135242 0.999532806148543 73 0.651181162186959 10 0.9 500 
12 
B.size 1000 
70 0.456071466286426 69 0.45723323718701 1.00066698286418 0.99984624421904 72 0.653441914169933 10 0.9 1000 
13 
Running Monte Carlo simulation 
1608510883.06304 
me power MC 
B: 50 
nobs 5 
rho.lag 0.9 
B.size 100 
48 0.502649358903392 49 0.503857839764099 0.990821846623535 1.00337186216608 49 0.487568257488563 5 0.9 100 
2 
B.size 500 
49 0.524231788332178 49 0.532376046420473 0.999566230337099 1.00308217752525 48 0.485253640754096 5 0.9 500 
3 
B.size 1000 
45 0.460043575471034 45 0.454950663119926 1.00295751433437 1.00365564460661 48 0.487066681200579 5 0.9 1000 
4 
Running Monte Carlo simulation 
1608511437.95348 
me power MC 
B: 50 
nobs 5 
rho.lag 0.6 
B.size 100 
46 0.473866122499758 49 0.479953591425061 0.990780750576004 0.996673366338771 47 0.504820984154883 5 0.6 100 
2 
B.size 500 
50 0.51062412321155 50 0.50614263900626 1.00616198157017 1.00499492442777 50 0.513644115733535 5 0.6 500 
3 
B.size 1000 
47 0.534875214536466 49 0.530740046584122 0.999833154040289 0.999290178518416 48 0.514376134422201 5 0.6 1000 
4 
rho.lag 0.9 
B.size 100 
47 0.454616562736219 48 0.475326877887845 0.999935946020615 1.00405085937391 49 0.498215119851056 5 0.9 100 
5 
B.size 500 
45 0.462757880045842 46 0.465480726457475 1.00010450328728 1.00182051940266 49 0.485880268967759 5 0.9 500 
6 
B.size 1000 
49 0.51865981443574 49 0.5192029394163 0.999249511812534 0.998680991050763 50 0.486297671458311 5 0.9 1000 
7 
nobs 10 
rho.lag 0.6 
B.size 100 
44 0.413375729230471 45 0.47561984216682 0.999216430439232 0.993897345273564 43 0.637534702529188 10 0.6 100 
8 
B.size 500 
49 0.472056862563464 47 0.481149659902814 0.998046376263162 0.997158033577234 48 0.638715831567534 10 0.6 500 
9 
B.size 1000 
48 0.543370384871158 45 0.526762997756224 0.998886108192617 0.999380157838352 47 0.639322620106883 10 0.6 1000 
10 
rho.lag 0.9 
B.size 100 
42 0.443552473830099 48 0.511535462683656 0.997487311337175 1.00101923175545 44 0.646640388340909 10 0.9 100 
11 
B.size 500 
48 0.545841195407673 49 0.553037260122099 0.999046061198628 0.998580819560097 49 0.652454572631249 10 0.9 500 
12 
B.size 1000 
50 0.555776737280638 49 0.524796458924869 0.998834389625922 1.00116518660149 49 0.65133656372039 10 0.9 1000 
13 
