Running Monte Carlo simulation 
1609398522.72246 
ME size MC 
B: 500 
nobs 5 
rho.lag 0.6 
B.size 100 
466 0.456245105786968 468 0.473385721446124 0.985206400703549 0.991295941704321 476 0.377856999963546 5 0.6 100 
2 
B.size 500 
470 0.475861597842858 480 0.477665111243235 0.988561351526954 0.991502364709845 480 0.375729522218383 5 0.6 500 
3 
B.size 1000 
471 0.433775639687149 470 0.433473326973101 0.987868424634088 0.991647881762336 483 0.374931944634276 5 0.6 1000 
4 
rho.lag 0.9 
B.size 100 
469 0.486880802949868 477 0.495460901825627 0.988090500965781 0.996515221415659 486 0.333348917507901 5 0.9 100 
5 
B.size 500 
467 0.481403376064842 467 0.485584367626723 0.986658839844483 0.997035463230201 488 0.329125359334506 5 0.9 500 
6 
B.size 1000 
471 0.455096042402696 472 0.454973564245378 0.987946454159041 0.996527500249055 491 0.330746806934948 5 0.9 1000 
7 
nobs 10 
rho.lag 0.6 
B.size 100 
453 0.425282614334415 472 0.483767738648628 0.995928901626016 0.996791416927213 463 0.547422565550313 10 0.6 100 
8 
B.size 500 
459 0.45896298408884 463 0.473402133814157 0.994031500446043 0.995002709213743 466 0.544177606276322 10 0.6 500 
9 
B.size 1000 
464 0.43440230691414 459 0.445567059253255 0.994814807457716 0.995972466965205 453 0.544703150684031 10 0.6 1000 
10 
rho.lag 0.9 
B.size 100 
444 0.428580502862991 470 0.479727662945474 0.99545598660738 0.998918541762347 456 0.565396672121831 10 0.9 100 
11 
B.size 500 
477 0.483610614544829 472 0.497437133698824 0.996105875812852 0.998838666805147 475 0.563978851032571 10 0.9 500 
12 
B.size 1000 
471 0.482741437069799 469 0.482345568797168 0.99608877879848 0.998405588324806 474 0.564653128661918 10 0.9 1000 
13 
