Running Monte Carlo simulation 
ME size MC 
B: 500 
nobs 5 
rho.lag 0.6 
B.size 100 
476 0.487784547050731 479 0.496945621329678 0.997920420488852 0.999702139223711 483 5 0.6 100 
2 
B.size 500 
478 0.502147975954694 479 0.504057485699903 1.00077822578619 0.999882383489963 487 5 0.6 500 
3 
B.size 1000 
476 0.484588431153642 470 0.485385565154123 0.999104094925481 0.999440045024757 478 5 0.6 1000 
4 
rho.lag 0.9 
B.size 100 
464 0.4728335685075 471 0.481666358471851 1.00376654904749 0.999965591436386 475 5 0.9 100 
5 
B.size 500 
473 0.506603609210766 480 0.511036652121917 1.00040972239091 1.00023858282268 489 5 0.9 500 
6 
B.size 1000 
482 0.521536419397644 482 0.519998037916328 0.99978476304468 0.999964545853973 496 5 0.9 1000 
7 
nobs 10 
rho.lag 0.6 
B.size 100 
454 0.442438895145547 481 0.494090893374023 1.00064377871319 1.00080217064197 457 10 0.6 100 
8 
B.size 500 
470 0.488459485955572 470 0.495750501457485 1.00075548703226 1.00100338160565 470 10 0.6 500 
9 
B.size 1000 
477 0.516195837025964 477 0.505806458645531 1.00010617845235 1.00008495083475 476 10 0.6 1000 
10 
rho.lag 0.9 
B.size 100 
448 0.437531644014386 475 0.490804217489925 0.999856286501084 1.00027706311996 453 10 0.9 100 
11 
B.size 500 
471 0.478041975487233 479 0.50053207626643 0.999961906575332 1.00039300089852 474 10 0.9 500 
12 
B.size 1000 
462 0.480369292901539 474 0.492849599825791 1.0005853361359 1.00035694513137 470 10 0.9 1000 
13 
