Running Monte Carlo simulation 
OVB size MC 
B: 500 
nobs 5 
rho.lag 0.6 
B.size 100 
Running Monte Carlo simulation 
OVB size MC 
B: 500 
nobs 5 
rho.lag 0.6 
B.size 100 
Running Monte Carlo simulation 
OVB size MC 
B: 500 
nobs 5 
rho.lag 0.6 
B.size 100 
465 0.460954841757926 465 0.468983064490544 1.99863598272313 2.00055351272544 470 5 0.6 100 
2 
B.size 500 
480 0.50496668979968 481 0.508477752402825 2.00006226819349 2.00035547890218 487 5 0.6 500 
3 
B.size 1000 
467 0.47750929716784 473 0.479146354036746 1.99967972497243 1.99948308041616 482 5 0.6 1000 
4 
rho.lag 0.9 
B.size 100 
478 0.503753636774471 486 0.514316865526563 1.99967217397265 1.99996792896153 476 5 0.9 100 
5 
B.size 500 
475 0.497848249225756 478 0.500463935811943 1.99972161583428 1.99970940081407 495 5 0.9 500 
6 
B.size 1000 
481 0.499969991105493 484 0.497596665853674 2.00010627519339 1.9999258472109 493 5 0.9 1000 
7 
nobs 10 
rho.lag 0.6 
B.size 100 
444 0.44404151818788 480 0.494817278907259 1.99939014131754 1.99949025777632 450 10 0.6 100 
8 
B.size 500 
472 0.493676123788015 472 0.509201531658873 1.99959385978932 1.99964955158487 480 10 0.6 500 
9 
B.size 1000 
474 0.495720158179261 479 0.500298060072417 2.00019665608435 1.99986229379128 473 10 0.6 1000 
10 
rho.lag 0.9 
B.size 100 
440 0.436067043067073 473 0.483856066287565 1.99936907911427 1.99988013086794 443 10 0.9 100 
11 
B.size 500 
473 0.490151450865723 478 0.497465153997768 1.99989241548174 1.99989776462811 469 10 0.9 500 
12 
B.size 1000 
462 0.487460672829808 476 0.497405201648091 2.00028215955226 2.00002627153999 464 10 0.9 1000 
13 
