Running Monte Carlo simulation 
OVB power MC 
B: 500 
nobs 5 
rho.lag 0.6 
B.size 100 
418 0.356119793447717 446 0.384853927408249 1.68698504670288 1.74884522582067 464 5 0.6 100 
2 
B.size 500 
163 0.0921950849973257 246 0.123940329114265 1.68690978496427 1.75028817503315 417 5 0.6 500 
3 
B.size 1000 
39 0.0128539858084173 69 0.0257373812956157 1.68639472657468 1.7496558918969 470 5 0.6 1000 
4 
rho.lag 0.9 
B.size 100 
255 0.149731662680101 299 0.165974093062174 1.75312320470103 1.93485544818193 446 5 0.9 100 
5 
B.size 500 
1 0.000420255764820269 1 0.00084009144201175 1.75877142078807 1.93697518414773 498 5 0.9 500 
6 
B.size 1000 
0 2.37395818670527e-06 0 7.61665734177663e-06 1.75813203152167 1.93665627432354 500 5 0.9 1000 
7 
nobs 10 
rho.lag 0.6 
B.size 100 
293 0.19179904595256 452 0.342814150612851 1.7039751189427 1.73519141064021 329 10 0.6 100 
8 
B.size 500 
13 0.00511454489727376 192 0.0647775296037608 1.70438213170835 1.73484297428525 321 10 0.6 500 
9 
B.size 1000 
0 4.47826005062835e-05 20 0.0103257530840431 1.70393007816909 1.73487475763912 480 10 0.6 1000 
10 
rho.lag 0.9 
B.size 100 
34 0.013071745952057 86 0.0295233457933426 1.82748120338436 1.92721344651633 446 10 0.9 100 
11 
B.size 500 
0 4.47863301999973e-12 0 1.51164543707005e-07 1.82822987362208 1.92745323888726 500 10 0.9 500 
12 
B.size 1000 
0 0 3 6.39849894290556e-10 1.82831336842776 1.92788284365498 497 10 0.9 1000 
13 
Running Monte Carlo simulation 
1608464796.23273 
OVB power MC 
B: 75 
nobs 5 
rho.lag 0.6 
B.size 100 
26 0.097722707096679 43 0.131689225814366 1.516098700416 1.63152616561883 58 0.384827993353207 5 0.6 100 
2 
B.size 500 
0 0.000525359216263029 0 0.00138042830839492 1.51361064942087 1.62707326237138 75 0.382206000530271 5 0.6 500 
3 
B.size 1000 
0 1.73715684651891e-09 0 5.34119929795907e-07 1.51495737236237 1.62319875583012 75 0.38269554000872 5 0.6 1000 
4 
rho.lag 0.9 
B.size 100 
7 0.0145936645546461 8 0.0193981094936637 1.6382829612088 1.9276346078418 74 0.335535307661067 5 0.9 100 
5 
B.size 500 
0 4.60181774168215e-11 0 1.17473882309168e-07 1.63085708086167 1.92681998213785 75 0.329388188776721 5 0.9 500 
6 
B.size 1000 
0 0 0 1.88576514441596e-07 1.62867584753827 1.92582447796285 75 0.330988397664714 5 0.9 1000 
7 
nobs 10 
rho.lag 0.6 
B.size 100 
12 0.0255742183565708 47 0.163968512364201 1.53270109361892 1.58297779459472 40 0.577129254200939 10 0.6 100 
8 
B.size 500 
0 9.05124677430536e-10 0 0.000573246071956891 1.53247354321455 1.58254225410671 75 0.572459331996521 10 0.6 500 
9 
B.size 1000 
0 0 0 1.10210042071272e-06 1.53347629892104 1.58490376704411 75 0.574398322333689 10 0.6 1000 
10 
rho.lag 0.9 
B.size 100 
0 9.84969754134661e-05 1 0.000898816728225347 1.74187901192489 1.91087367906115 74 0.631886779304781 10 0.9 100 
11 
B.size 500 
0 0 0 -1.65921535029886e-09 1.74230778569421 1.90982276639599 75 0.628143012963861 10 0.9 500 
12 
B.size 1000 
0 0 0 -1.17635272959641e-08 1.74300492868161 1.90973885299151 75 0.628353912294226 10 0.9 1000 
13 
