Running Monte Carlo simulation 
1608293254.02371 
SI size MC 
B: 125 
nobs 5 
rho.lag 0.6 
B.size 100 
117 0.496899077110309 6 0.507809742576884 0.992596618345225 0.989255540852995 4 -0.0516413164204614 5 0.6 100 
2 
B.size 500 
116 0.472553379418451 9 0.479402124156503 1.00798494868839 1.00747011420687 6 -0.0533433580301157 5 0.6 500 
3 
B.size 1000 
114 0.461242450464047 10 0.462618552443671 1.00132929902872 1.00244974697975 3 -0.0577192320287485 5 0.6 1000 
4 
rho.lag 0.9 
B.size 100 
121 0.510635735831004 3 0.521110537212623 1.0087909048265 1.00100328957722 5 -0.0667461483469547 5 0.9 100 
5 
B.size 500 
117 0.488829691777905 9 0.483642928173104 1.00030478774276 0.995375936849751 5 -0.0777510361054838 5 0.9 500 
6 
B.size 1000 
115 0.484468430711355 10 0.48281187920139 1.00212491037668 1.00314591287134 2 -0.0798023232381921 5 0.9 1000 
7 
nobs 10 
rho.lag 0.6 
B.size 100 
117 0.426400451004745 4 0.475666259397164 1.00652683746285 1.00623739110361 6 0.129876229943661 10 0.6 100 
8 
B.size 500 
116 0.528321111394176 9 0.488212024416844 0.999330796303716 0.99633353396694 6 0.12647356083532 10 0.6 500 
9 
B.size 1000 
117 0.5391809852417 9 0.549114884052428 1.00345950078499 1.00133168751575 7 0.128038324517524 10 0.6 1000 
10 
rho.lag 0.9 
B.size 100 
110 0.412743398661709 9 0.464065373168361 0.988124535985222 0.994243921952775 14 0.137446830327994 10 0.9 100 
11 
B.size 500 
115 0.481350493487045 8 0.462214921106047 1.00125240013308 1.00072126885318 6 0.140865080991013 10 0.9 500 
12 
B.size 1000 
120 0.481982271151725 9 0.482044818839146 0.998691186075281 0.999394764563175 10 0.142127957830777 10 0.9 1000 
13 
Running Monte Carlo simulation 
1608306529.88361 
SI size MC 
B: 20 
nobs 5 
rho.lag 0.6 
B.size 100 
3 0.370047324810338 3 0.388599872275218 1.0017426094024 1.01055409734809 20 -0.0544878501498585 5 0.6 100 
2 
B.size 500 
3 0.412702152005295 2 0.416864349075131 0.990549413506804 1.00958175599948 19 -0.0612297691058852 5 0.6 500 
3 
B.size 1000 
1 0.520667814515223 1 0.512135650160867 1.00178177030763 1.00245306909538 18 -0.0558661649394083 5 0.6 1000 
4 
rho.lag 0.9 
B.size 100 
0 0.461169336306381 0 0.495057420112031 1.05395378888464 0.986292658207013 20 -0.051723499576976 5 0.9 100 
5 
B.size 500 
0 0.492334480004974 0 0.489738669938294 0.997244286479234 0.996659945080101 20 -0.0768401094165323 5 0.9 500 
6 
B.size 1000 
3 0.463180047796178 5 0.45127726275676 0.985464743285176 0.995042062731861 18 -0.0828898808376173 5 0.9 1000 
7 
nobs 10 
rho.lag 0.6 
B.size 100 
1 0.433004032933733 0 0.492081265224359 0.998254851839383 1.01279151590122 19 0.128711362853367 10 0.6 100 
8 
B.size 500 
2 0.57351855493679 1 0.51016576194196 0.985084166611083 0.998565872125747 19 0.122362784228872 10 0.6 500 
9 
B.size 1000 
0 0.571839087451411 2 0.546204898658547 0.997096514961613 1.00413286068132 18 0.126057617928089 10 0.6 1000 
10 
rho.lag 0.9 
B.size 100 
1 0.376406131179725 1 0.442437713241462 1.00958140997681 0.986021115718294 20 0.142625237433773 10 0.9 100 
11 
B.size 500 
0 0.476329127263236 1 0.512681977322899 0.99883287690708 0.997950834657779 19 0.139595293307355 10 0.9 500 
12 
B.size 1000 
0 0.445603792637603 0 0.451533432706961 1.00186381348698 1.00299608950296 20 0.143147514275419 10 0.9 1000 
13 
Running Monte Carlo simulation 
1608307261.19381 
SI size MC 
B: 75 
nobs 5 
rho.lag 0.6 
B.size 100 
6 0.449574490702185 5 0.456087287041781 0.995438557043963 1.00720996888616 72 -0.04899278611041 5 0.6 100 
2 
B.size 500 
6 0.501695457725193 6 0.505123080318569 1.00310574459613 0.999128894208833 75 -0.0561650147257455 5 0.6 500 
3 
B.size 1000 
4 0.577711350824375 2 0.576719255537422 0.997002273258888 0.995478725154387 73 -0.0584269991675195 5 0.6 1000 
4 
rho.lag 0.9 
B.size 100 
7 0.41125310088231 4 0.418540864794121 1.00241457571307 1.0073771149876 70 -0.068173609065322 5 0.9 100 
5 
B.size 500 
0 0.558702435891345 0 0.553275521586184 0.995468375457562 0.998544549052983 75 -0.0797641862263161 5 0.9 500 
6 
B.size 1000 
2 0.502924131003203 2 0.503311145459639 0.994693551378842 0.997787528438237 75 -0.0805228661818245 5 0.9 1000 
7 
nobs 10 
rho.lag 0.6 
B.size 100 
11 0.459458543851407 8 0.48223207480375 0.989820113307724 0.99601009160101 68 0.120295434142291 10 0.6 100 
8 
B.size 500 
12 0.506592328122454 4 0.523883169221015 1.00032839024255 0.998752110743996 65 0.129378534211065 10 0.6 500 
9 
B.size 1000 
3 0.487306438455737 2 0.48449332298042 0.999602815534813 1.00005309025151 72 0.126749575014646 10 0.6 1000 
10 
rho.lag 0.9 
B.size 100 
5 0.470285912045319 1 0.525652868350602 0.987988029812343 0.983729151935838 71 0.13895339320655 10 0.9 100 
11 
B.size 500 
2 0.497346810723079 1 0.533451788213314 0.999512802408217 0.999109395299426 74 0.143795340930438 10 0.9 500 
12 
B.size 1000 
3 0.453969773425496 6 0.458518184328955 0.999919380849757 0.997486535939324 70 0.143517991679353 10 0.9 1000 
13 
Running Monte Carlo simulation 
1608323882.47969 
SI size MC 
B: 25 
nobs 5 
rho.lag 0.6 
B.size 100 
2 0.450936976347229 0 0.48065643901585 1.01958585803632 1.0219424225701 23 -0.045181798884681 5 0.6 100 
2 
B.size 500 
2 0.524142365297312 1 0.519143863494436 1.00728784886113 0.997879065484766 24 -0.0520276235343657 5 0.6 500 
3 
B.size 1000 
Running Monte Carlo simulation 
1608323972.11916 
SI size MC 
B: 25 
nobs 5 
rho.lag 0.6 
B.size 100 
23 0.445883771521253 25 0.476120801031782 1.02224238086504 1.01537357536805 23 -0.0448507508109539 5 0.6 100 
2 
B.size 500 
23 0.444142250011128 22 0.455389171514269 1.01928072909052 0.995150104025493 24 -0.051133618070436 5 0.6 500 
3 
B.size 1000 
