> si.size
      wald.accepts    p.vals gen.wald.accepts gen.p.vals within.ests pooled.ests agreements        R.sq Tt rho.lag samplesize
 [1,]          117 0.4968991  these should  6  0.5078097   0.9925966   0.9892555          4 -0.05164132  5     0.6        100
 [2,]          116 0.4725534  be called     9  0.4794021   1.0079849   1.0074701          6 -0.05334336  5     0.6        500
 [3,]          114 0.4612425  rejects      10  0.4626186   1.0013293   1.0024497          3 -0.05771923  5     0.6       1000
 [4,]          121 0.5106357                3  0.5211105   1.0087909   1.0010033          5 -0.06674615  5     0.9        100
 [5,]          117 0.4888297                9  0.4836429   1.0003048   0.9953759          5 -0.07775104  5     0.9        500
 [6,]          115 0.4844684               10  0.4828119   1.0021249   1.0031459          2 -0.07980232  5     0.9       1000
 [7,]          117 0.4264005                4  0.4756663   1.0065268   1.0062374          6  0.12987623 10     0.6        100
 [8,]          116 0.5283211                9  0.4882120   0.9993308   0.9963335          6  0.12647356 10     0.6        500
 [9,]          117 0.5391810                9  0.5491149   1.0034595   1.0013317          7  0.12803832 10     0.6       1000
[10,]          110 0.4127434                9  0.4640654   0.9881245   0.9942439         14  0.13744683 10     0.9        100
[11,]          115 0.4813505                8  0.4622149   1.0012524   1.0007213          6  0.14086508 10     0.9        500
[12,]          120 0.4819823                9  0.4820448   0.9986912   0.9993948         10  0.14212796 10     0.9       1000
> si.size[, c(1,3,7)] / 125
      wald.accepts gen.wald.accepts agreements    
 [1,]        0.936            0.048      0.032
 [2,]        0.928            0.072      0.048
 [3,]        0.912            0.080      0.024
 [4,]        0.968            0.024      0.040
 [5,]        0.936            0.072      0.040
 [6,]        0.920            0.080      0.016
 [7,]        0.936            0.032      0.048
 [8,]        0.928            0.072      0.048
 [9,]        0.936            0.072      0.056
[10,]        0.880            0.072      0.112
[11,]        0.920            0.064      0.048
[12,]        0.960            0.072      0.080
> 1 - si.size[, c(1,3,7)] / 125
      wald.accepts gen.wald.accepts    Tt rho.lag samplesize
 [1,]        0.064            0.048     5     0.6        100
 [2,]        0.072            0.072     5     0.6        500
 [3,]        0.088            0.080     5     0.6       1000

 [4,]        0.032            0.024     5     0.9        100
 [5,]        0.064            0.072     5     0.9        500
 [6,]        0.080            0.080     5     0.9       1000

 [7,]        0.064            0.032    10     0.6        100
 [8,]        0.072            0.072    10     0.6        500
 [9,]        0.064            0.072    10     0.6       1000

[10,]        0.120            0.072    10     0.9        100
[11,]        0.080            0.064    10     0.9        500
[12,]        0.040            0.072    10     0.9       1000

> si.power
      wald.accepts       p.vals gen.wald.accepts   gen.p.vals within.ests pooled.ests agreements      R.sq Tt rho.lag samplesize
 [1,]           63 1.577536e-01    rejects    22 2.925816e-01   0.5283528   0.5576278         42 0.9421266  5     0.6        100
 [2,]            1 1.620261e-03               32 3.345027e-01   0.5274655   0.5567992         92 0.9421058  5     0.6        500
 [3,]            0 9.812094e-09               14 3.958098e-01   0.5273224   0.5570247        111 0.9419647  5     0.6       1000
 [4,]           25 4.637131e-02               58 1.198916e-01   0.5288871   0.6190895         44 0.9383739  5     0.9        100
 [5,]            0 4.295439e-07              113 1.543727e-02   0.5287488   0.6199891         12 0.9383372  5     0.9        500
 [6,]            0 8.484768e-15              113 1.079703e-02   0.5286107   0.6193361         12 0.9388506  5     0.9       1000
 [7,]            7 7.968703e-03                8 2.752522e-01   0.5335405   0.5562241        110 0.9414529 10     0.6        100
 [8,]            0 2.204104e-14               52 2.353921e-01   0.5341192   0.5565692         73 0.9409480 10     0.6        500
 [9,]            0 0.000000e+00               28 3.466118e-01   0.5341835   0.5568172         97 0.9409009 10     0.6       1000
[10,]            0 1.805449e-04               41 9.205131e-02   0.5451755   0.6190640         84 0.9238412 10     0.9        100
[11,]            0 0.000000e+00              125 1.696307e-04   0.5449834   0.6181328          0 0.9242894 10     0.9        500
[12,]            0 0.000000e+00              125 1.742542e-07   0.5454380   0.6197474          0 0.9238481 10     0.9       1000
> si.power[, c(1,3,7)] / 125
      wald.accepts gen.wald.accepts agreements
 [1,]        0.504            0.176      0.336
 [2,]        0.008            0.256      0.736
 [3,]        0.000            0.112      0.888
 [4,]        0.200            0.464      0.352
 [5,]        0.000            0.904      0.096
 [6,]        0.000            0.904      0.096
 [7,]        0.056            0.064      0.880
 [8,]        0.000            0.416      0.584
 [9,]        0.000            0.224      0.776
[10,]        0.000            0.328      0.672
[11,]        0.000            1.000      0.000
[12,]        0.000            1.000      0.000
> 1 - si.power[, c(1,3,7)] / 125
      wald.accepts gen.wald.accepts     Tt rho.lag samplesize
 [1,]        0.496            0.176      5     0.6        100
 [2,]        0.992            0.256      5     0.6        500
 [3,]        1.000            0.112      5     0.6       1000

 [4,]        0.800            0.464      5     0.9        100
 [5,]        1.000            0.904      5     0.9        500
 [6,]        1.000            0.904      5     0.9       1000

 [7,]        0.944            0.064     10     0.6        100
 [8,]        1.000            0.416     10     0.6        500
 [9,]        1.000            0.224     10     0.6       1000

[10,]        1.000            0.328     10     0.9        100
[11,]        1.000            1.000     10     0.9        500
[12,]        1.000            1.000     10     0.9       1000



