Running Monte Carlo simulation 
1609335004.48936 
ME power MC 
B: 50 
nobs 5 
rho.lag 0.6 
B.size 100 
42 0.353906201586468 44 0.405708133784747 0.68085088912217 0.741658651884469 46 0.129598744289357 5 0.6 100 
2 
B.size 500 
15 0.0811664326509993 25 0.134572858144169 0.684573170819931 0.751917848269898 38 0.131744856983399 5 0.6 500 
3 
B.size 1000 
2 0.0132897332767978 6 0.0313378427221721 0.683220004973801 0.752889738799331 46 0.128640836352948 5 0.6 1000 
4 
rho.lag 0.9 
B.size 100 
19 0.114932465528519 26 0.145102116864771 0.698672822917666 0.890208169489512 43 0.0765142553130171 5 0.9 100 
5 
B.size 500 
0 2.447469119921e-05 0 0.000515666062293358 0.698955941554444 0.902440736429889 50 0.0744891090611645 5 0.9 500 
6 
B.size 1000 
0 1.22292809654923e-06 0 2.1159901951191e-05 0.695803074760467 0.898373221976804 50 0.0732146680993484 5 0.9 1000 
7 
nobs 10 
rho.lag 0.6 
B.size 100 
22 0.122220933289144 45 0.346200641802106 0.712342805027066 0.752337912448015 25 0.332463227237072 10 0.6 100 
8 
B.size 500 
0 0.000407144802254467 27 0.0944624549741462 0.719307794671852 0.755200898103623 23 0.337761225385822 10 0.6 500 
9 
B.size 1000 
0 2.32527696208962e-09 0 0.00459618754061023 0.719793891321662 0.760029795495805 50 0.340228908876578 10 0.6 1000 
10 
rho.lag 0.9 
B.size 100 
0 0.000170618432335317 6 0.0173568614604524 0.770823617203452 0.911411967562421 44 0.357726736961802 10 0.9 100 
11 
B.size 500 
0 0 0 1.98625286780274e-07 0.773685599087507 0.900369671740376 50 0.35737607227198 10 0.9 500 
12 
B.size 1000 
0 0 0 1.44239792521095e-08 0.773631041887376 0.902942808518211 50 0.360608971430357 10 0.9 1000 
13 
Running Monte Carlo simulation 
1609337324.58346 
ME power MC 
B: 50 
nobs 5 
rho.lag 0.6 
B.size 100 
Running Monte Carlo simulation 
1609363832.20019 
ME power MC 
B: 500 
nobs 5 
rho.lag 0.6 
B.size 100 
410 0.341444316508745 449 0.389707637792 0.686399369570364 0.756614272144738 451 0.135520893227293 5 0.6 100 
2 
B.size 500 
195 0.100648951311592 318 0.164868566384868 0.684463837097787 0.75211678588887 371 0.130895151193912 5 0.6 500 
3 
B.size 1000 
48 0.0183189162589669 134 0.0514988350733492 0.685535792858457 0.753151930542543 414 0.132436927056366 5 0.6 1000 
4 
rho.lag 0.9 
B.size 100 
208 0.121662698654597 286 0.160268328046659 0.692954875869677 0.89714917115818 410 0.0737989537824664 5 0.9 100 
5 
B.size 500 
0 0.000285469186958512 3 0.00140957517892119 0.695758490396173 0.898066901235906 497 0.0718401296040233 5 0.9 500 
6 
B.size 1000 
0 1.01102376000028e-07 0 5.76349579266056e-06 0.695670680178496 0.897970482679889 500 0.0709632682782569 5 0.9 1000 
7 
nobs 10 
rho.lag 0.6 
B.size 100 
247 0.126805028610894 449 0.324601837488738 0.718898561163067 0.757954251690329 288 0.341696303747574 10 0.6 100 
8 
B.size 500 
0 0.000119853762054459 190 0.0568711116905718 0.71917170855764 0.760509347409488 310 0.339609868461081 10 0.6 500 
9 
B.size 1000 
0 8.0796552694995e-09 6 0.00697966720691404 0.719403364022724 0.758096823403316 494 0.338996765734554 10 0.6 1000 
10 
rho.lag 0.9 
B.size 100 
3 0.00107240652000423 79 0.0290960693727582 0.773316499324469 0.904138925462498 424 0.359439059532357 10 0.9 100 
11 
B.size 500 
0 1.24344978758018e-17 0 2.20798509836695e-07 0.773730804374095 0.903432660038407 500 0.35926227111254 10 0.9 500 
12 
B.size 1000 
0 0 0 9.77410658121736e-08 0.773349056991395 0.905007150922367 500 0.357895473216711 10 0.9 1000 
13 
