Running Monte Carlo simulation 
ME power MC 
B: 500 
nobs 5 
rho.lag 0.6 
B.size 100 
468 0.467983324335225 475 0.483117930299557 1.00099625532163 1.00003171865586 479 5 0.6 100 
2 
B.size 500 
478 0.510836672457657 476 0.504519258792445 1.00073162044433 1.00066852659903 486 5 0.6 500 
3 
B.size 1000 
472 0.489055932548607 465 0.488331059791599 1.00031813409953 1.00039059658434 479 5 0.6 1000 
4 
rho.lag 0.9 
B.size 100 
463 0.461605452220194 472 0.470918693876079 1.00149728775767 1.00018492067365 473 5 0.9 100 
5 
B.size 500 
481 0.488675304573957 484 0.487467532816585 0.999534883917088 0.999599105618505 489 5 0.9 500 
6 
B.size 1000 
462 0.501169499839895 468 0.503474001535017 0.999496769708674 1.00012924728726 490 5 0.9 1000 
7 
nobs 10 
rho.lag 0.6 
B.size 100 
443 0.449416627573867 477 0.495125539498543 0.999549992159276 0.999291755737411 452 10 0.6 100 
8 
B.size 500 
470 0.493920365909241 471 0.499078677343893 0.999257048157955 0.999387708875579 465 10 0.6 500 
9 
B.size 1000 
467 0.486243932570687 466 0.486454798731549 0.999692755834713 0.999965642958337 465 10 0.6 1000 
10 
rho.lag 0.9 
B.size 100 
452 0.423923184511111 471 0.47786210561601 0.998880654645441 0.999821061210319 457 10 0.9 100 
11 
B.size 500 
473 0.497892168232836 483 0.506584206549328 1.00003045073553 0.999969052303188 482 10 0.9 500 
12 
B.size 1000 
467 0.490791878559666 478 0.49911384673897 1.00016826728142 1.00027078793625 473 10 0.9 1000 
13 
