Running simulation 
ME size 
nperson: 5000 
B: 500 
replace: FALSE 
nobs 5 
rho.lag 0.6 
B.size 100 
463 0.491149324733642 472 0.496518127090278 0.995675399043259 0.994746312605713 475 5 0.6 100 
2 
B.size 500 
482 0.513829511302739 475 0.509867190202367 0.992702814048436 0.993816977923815 491 5 0.6 500 
3 
B.size 1000 
482 0.497945893557662 470 0.49131599153222 0.993517802821756 0.994638553993567 484 5 0.6 1000 
4 
rho.lag 0.9 
B.size 100 
467 0.473367920575247 472 0.483335347400039 1.00102398019318 1.00255204670405 481 5 0.9 100 
5 
B.size 500 
476 0.495930310886434 474 0.492594685221804 0.998204829236702 1.00319786903459 492 5 0.9 500 
6 
B.size 1000 
466 0.47047324404604 460 0.460824998842207 0.999110499986842 1.00361202459748 490 5 0.9 1000 
7 
nobs 10 
rho.lag 0.6 
B.size 100 
459 0.452760935438196 473 0.491963257162497 0.988951287994879 0.994096409195899 460 10 0.6 100 
8 
B.size 500 
488 0.535094577143656 481 0.539848775829617 0.98911872464129 0.994177087552352 473 10 0.6 500 
9 
B.size 1000 
495 0.562737581027305 488 0.561463585274704 0.989700711724047 0.994627861711036 487 10 0.6 1000 
10 
rho.lag 0.9 
B.size 100 
460 0.427558265729923 467 0.465962372900445 1.00296635893796 1.00200850149456 469 10 0.9 100 
11 
B.size 500 
467 0.470416587155439 474 0.48206567345648 1.00397454813607 1.00186505736914 471 10 0.9 500 
12 
B.size 1000 
454 0.4114047968968 461 0.41576380960083 1.00286507251585 1.0013841837698 469 10 0.9 1000 
13 
