Running Monte Carlo simulation 
OVB power MC 
B: 500 
nobs 5 
rho.lag 0.6 
B.size 100 
418 0.356119793447717 446 0.384853927408249 1.68698504670288 1.74884522582067 464 5 0.6 100 
2 
B.size 500 
163 0.0921950849973257 246 0.123940329114265 1.68690978496427 1.75028817503315 417 5 0.6 500 
3 
B.size 1000 
39 0.0128539858084173 69 0.0257373812956157 1.68639472657468 1.7496558918969 470 5 0.6 1000 
4 
rho.lag 0.9 
B.size 100 
255 0.149731662680101 299 0.165974093062174 1.75312320470103 1.93485544818193 446 5 0.9 100 
5 
B.size 500 
1 0.000420255764820269 1 0.00084009144201175 1.75877142078807 1.93697518414773 498 5 0.9 500 
6 
B.size 1000 
0 2.37395818670527e-06 0 7.61665734177663e-06 1.75813203152167 1.93665627432354 500 5 0.9 1000 
7 
nobs 10 
rho.lag 0.6 
B.size 100 
293 0.19179904595256 452 0.342814150612851 1.7039751189427 1.73519141064021 329 10 0.6 100 
8 
B.size 500 
13 0.00511454489727376 192 0.0647775296037608 1.70438213170835 1.73484297428525 321 10 0.6 500 
9 
B.size 1000 
0 4.47826005062835e-05 20 0.0103257530840431 1.70393007816909 1.73487475763912 480 10 0.6 1000 
10 
rho.lag 0.9 
B.size 100 
34 0.013071745952057 86 0.0295233457933426 1.82748120338436 1.92721344651633 446 10 0.9 100 
11 
B.size 500 
0 4.47863301999973e-12 0 1.51164543707005e-07 1.82822987362208 1.92745323888726 500 10 0.9 500 
12 
B.size 1000 
0 0 3 6.39849894290556e-10 1.82831336842776 1.92788284365498 497 10 0.9 1000 
13 
