Running simulation 
OVB size 
nperson: 5000 
B: 500 
replace: FALSE 
nobs 5 
rho.lag 0.6 
Running simulation 
OVB size 
nperson: 5000 
B: 500 
replace: FALSE 
nobs 5 
rho.lag 0.6 
B.size 100 
Running simulation 
OVB size 
nperson: 5000 
B: 500 
replace: FALSE 
nobs 5 
rho.lag 0.6 
B.size 100 
465 0.474058397714366 478 0.481544268876925 1.99654294603484 1.99690772396001 477 5 0.6 100 
2 
B.size 500 
473 0.460767677967477 473 0.467417599515348 1.99598267245613 1.99740119743073 490 5 0.6 500 
3 
B.size 1000 
444 0.399073467398746 447 0.407173879560897 1.99438270335488 1.99715989653576 481 5 0.6 1000 
4 
rho.lag 0.9 
B.size 100 
470 0.468064099400509 475 0.478777876461112 1.99630078397355 2.0002260416167 479 5 0.9 100 
5 
B.size 500 
456 0.46609646565841 450 0.457393114350592 1.99747281897528 2.00016102250877 488 5 0.9 500 
6 
B.size 1000 
452 0.4039505554454 450 0.387982153572452 1.9972065995727 2.00020507467498 490 5 0.9 1000 
7 
nobs 10 
rho.lag 0.6 
B.size 100 
444 0.414257711498088 469 0.469404549970455 2.00208741459175 2.00323010258587 449 10 0.6 100 
8 
B.size 500 
448 0.410493856340221 455 0.423624920958262 2.00221770769876 2.00265497322318 449 10 0.6 500 
9 
B.size 1000 
427 0.340440057837634 460 0.385344730872626 2.00226820495529 2.00292888622352 439 10 0.6 1000 
10 
rho.lag 0.9 
B.size 100 
459 0.42789218160221 480 0.486051033118251 1.99963330883601 2.00101459921308 465 10 0.9 100 
11 
B.size 500 
470 0.454337727022258 477 0.474894279551884 1.99996637087873 2.00120122681516 475 10 0.9 500 
12 
B.size 1000 
461 0.438220777627518 488 0.480750925108802 1.99949309673682 2.00093124656752 465 10 0.9 1000 
13 
