Running Monte Carlo simulation 
1608298230.54663 
SI power MC 
B: 125 
nobs 5 
rho.lag 0.6 
B.size 100 
63 0.157753604961907 22 0.292581588172849 0.528352797276313 0.557627847950212 42 0.942126581859791 5 0.6 100 
2 
B.size 500 
1 0.00162026120027616 32 0.334502663858263 0.527465542338047 0.556799243439349 92 0.942105825149646 5 0.6 500 
3 
B.size 1000 
0 9.81209429262719e-09 14 0.395809836724163 0.527322444998155 0.557024746335679 111 0.941964715474479 5 0.6 1000 
4 
rho.lag 0.9 
B.size 100 
25 0.0463713050476189 58 0.119891616777769 0.528887094746886 0.619089490485711 44 0.93837392508681 5 0.9 100 
5 
B.size 500 
0 4.29543856227177e-07 113 0.0154372694455169 0.528748843858001 0.619989091875708 12 0.938337244070151 5 0.9 500 
6 
B.size 1000 
0 8.4847684433953e-15 113 0.0107970325598601 0.52861069580061 0.619336091276257 12 0.938850596857147 5 0.9 1000 
7 
nobs 10 
rho.lag 0.6 
B.size 100 
7 0.00796870313550094 8 0.275252222579567 0.533540491768281 0.556224131124314 110 0.941452858781879 10 0.6 100 
8 
B.size 500 
0 2.20410356632783e-14 52 0.235392114908894 0.534119209455958 0.556569209264866 73 0.940947984371918 10 0.6 500 
9 
B.size 1000 
0 0 28 0.346611834059449 0.534183461412818 0.556817154514236 97 0.940900898487685 10 0.6 1000 
10 
rho.lag 0.9 
B.size 100 
0 0.000180544932739879 41 0.0920513131399581 0.545175536678422 0.619064039726434 84 0.923841232967578 10 0.9 100 
11 
B.size 500 
0 0 125 0.000169630734251744 0.544983416516354 0.61813280136069 0 0.924289393713711 10 0.9 500 
12 
B.size 1000 
0 0 125 1.74254182475853e-07 0.545438026445105 0.619747375050264 0 0.923848078158233 10 0.9 1000 
13 
Running Monte Carlo simulation 
1608305801.18292 
SI power MC 
B: 20 
nobs 5 
rho.lag 0.6 
B.size 100 
13 0.109585875382607 2 0.25318085068812 0.528390807994508 0.55715461989563 9 0.943397244758358 5 0.6 100 
2 
B.size 500 
20 3.98985265090968e-05 8 0.22171608093241 0.527492232425235 0.556068865569494 8 0.9430206893705 5 0.6 500 
3 
B.size 1000 
20 1.11354742093894e-09 6 0.273575844097871 0.527845078687119 0.557576352197024 6 0.9422231212449 5 0.6 1000 
4 
rho.lag 0.9 
B.size 100 
17 0.028143600856036 6 0.109486524576182 0.529993575864107 0.618968148068143 9 0.940405921639394 5 0.9 100 
5 
B.size 500 
20 9.8981150598032e-08 17 0.0270335519909912 0.528037312770796 0.621580375756193 17 0.939471957753694 5 0.9 500 
6 
B.size 1000 
20 1.99840144432528e-16 17 0.0135498818659239 0.529378486289356 0.620181066622736 17 0.938182867203692 5 0.9 1000 
7 
nobs 10 
rho.lag 0.6 
B.size 100 
20 0.00719961901856626 1 0.289052755682759 0.533089467673272 0.557755603774039 1 0.94139433669474 10 0.6 100 
8 
B.size 500 
20 9.52016243616072e-15 9 0.27295992816263 0.534538295318193 0.556855044440084 9 0.940647972939093 10 0.6 500 
9 
B.size 1000 
20 0 1 0.456306004745925 0.533999049243514 0.556706658904576 1 0.941005535245076 10 0.6 1000 
10 
rho.lag 0.9 
B.size 100 
20 8.00784324009318e-06 5 0.123514298533898 0.542455261942578 0.615207335470534 5 0.926031250912198 10 0.9 100 
11 
B.size 500 
20 0 20 8.85640577566821e-05 0.544210719447442 0.617965731288631 20 0.923628213247357 10 0.9 500 
12 
B.size 1000 
20 0 20 1.47748146830939e-07 0.545501098937873 0.619100745753189 20 0.923704143342762 10 0.9 1000 
13 
Running Monte Carlo simulation 
1608310893.42744 
SI power MC 
B: 75 
nobs 5 
rho.lag 0.6 
B.size 100 
38 0.164759232116933 14 0.287224861781652 0.527046474679123 0.557582361104014 51 0.942767083585307 5 0.6 100 
2 
B.size 500 
74 0.00212763249465066 21 0.320803789647075 0.527246950866268 0.556776531804669 22 0.942439740421074 5 0.6 500 
3 
B.size 1000 
75 9.75354331052151e-06 10 0.376323902568634 0.527185985117616 0.556572384283388 10 0.942373525386181 5 0.6 1000 
4 
rho.lag 0.9 
B.size 100 
62 0.0487152677454191 39 0.117376993973273 0.530063972882491 0.615954280689221 52 0.938385765507471 5 0.9 100 
5 
B.size 500 
75 7.85758213339705e-08 67 0.0156454336570387 0.52891685886093 0.619330250117514 67 0.938183977191975 5 0.9 500 
6 
B.size 1000 
75 9.9475983006414e-16 65 0.0128666109675069 0.528741272740156 0.619450323415088 65 0.938439920039858 5 0.9 1000 
7 
nobs 10 
rho.lag 0.6 
B.size 100 
73 0.00463436815872564 7 0.259456700875306 0.533909714176956 0.554377007138544 9 0.941167198694533 10 0.6 100 
8 
B.size 500 
75 1.06899674297741e-13 27 0.293593840403564 0.533526171319957 0.556686486530371 27 0.940953704975547 10 0.6 500 
9 
B.size 1000 
75 0 13 0.378265256817413 0.53406660450986 0.55699321082118 13 0.940459507204639 10 0.6 1000 
10 
rho.lag 0.9 
B.size 100 
75 4.58893834903643e-06 42 0.0741384913689798 0.546015914643901 0.620348907074231 42 0.922493128309709 10 0.9 100 
11 
B.size 500 
75 0 75 0.000138789447160157 0.545221247289764 0.61909903101498 75 0.92417993621144 10 0.9 500 
12 
B.size 1000 
75 0 75 1.40839457314357e-07 0.545113549258148 0.619358494565001 75 0.92372377024446 10 0.9 1000 
13 
Running Monte Carlo simulation 
1608324767.85049 
SI power MC 
B: 75 
nobs 5 
rho.lag 0.6 
B.size 100 
39 0.159308732649304 61 0.285123330092243 0.526960260629616 0.557662160179219 53 0.942514302945574 5 0.6 100 
2 
B.size 500 
2 0.00295218819196748 52 0.307470352223572 0.527690463911905 0.556792795307444 25 0.942162068818254 5 0.6 500 
3 
B.size 1000 
0 2.48714720418874e-08 61 0.335788769164447 0.527782045030524 0.556425111948445 14 0.941868755821393 5 0.6 1000 
4 
rho.lag 0.9 
B.size 100 
21 0.0537613505793522 50 0.142421756090886 0.52877343172775 0.619673230207041 42 0.937883612217085 5 0.9 100 
5 
B.size 500 
0 1.60243213890373e-06 12 0.042942476283813 0.528502702482005 0.618799175455375 63 0.939024058386926 5 0.9 500 
6 
B.size 1000 
0 2.80338715204683e-14 6 -0.000662365781288471 0.528719299542153 0.6196371280091 69 0.938544754524932 5 0.9 1000 
7 
nobs 10 
rho.lag 0.6 
B.size 100 
2 0.00558268193341591 71 0.279693677339916 0.53314913494871 0.555415188594802 6 0.940365770464196 10 0.6 100 
8 
B.size 500 
0 3.88578058618805e-15 45 0.261817418284668 0.534022805508924 0.5564902711081 30 0.940646926795063 10 0.6 500 
9 
B.size 1000 
0 0 60 0.361922961449451 0.534113713258525 0.557020216487682 15 0.940571207264403 10 0.6 1000 
10 
rho.lag 0.9 
B.size 100 
0 1.8308050675057e-06 44 0.0923422480721736 0.544786607687525 0.617752265304404 31 0.924490809365491 10 0.9 100 
11 
B.size 500 
0 0 0 0.000182976527463929 0.545594147882601 0.618694698793082 75 0.923896332203413 10 0.9 500 
12 
B.size 1000 
0 0 0 1.66806953831866e-07 0.544833802803247 0.619307885965314 75 0.924120853261568 10 0.9 1000 
13 
Running Monte Carlo simulation 
1608467442.85219 
SI power MC, small rhos 
B: 150 
nobs 5 
rho.lag 0.3 
B.size 100 
109 0.344922888617965 132 0.430119072213712 0.52769760292394 0.547630620039637 125 0.943655128494349 5 0.3 100 
2 
B.size 500 
55 0.10270677147841 143 0.466333607134526 0.5272956525048 0.547864305842257 62 0.942928457747345 5 0.3 500 
3 
B.size 1000 
8 0.010421738750897 150 0.500007365243473 0.527525329262594 0.547315949760256 8 0.943390534519657 5 0.3 1000 
4 
nobs 10 
rho.lag 0.3 
B.size 100 
92 0.196797041927359 145 0.427060775216271 0.529766215788163 0.547463621990099 93 0.948498469093869 10 0.3 100 
5 
B.size 500 
0 0.000850529524349351 146 0.457711392914611 0.529735457736569 0.54703842109738 4 0.947668745091304 10 0.3 500 
6 
B.size 1000 
0 5.49192611617085e-08 150 0.50000759855757 0.529587363225928 0.547372904388824 0 0.947931312974345 10 0.3 1000 
7 
