# OVB size
# nperson = 5000, B = 500, replace = FALSE
> `data-sim-script_results`$all.bootys
      wald.accepts    p.vals gen.wald.accepts gen.p.vals within.ests pooled.ests agreements Tt rho.lag samplesize
 [1,]          465 0.4740584              478  0.4815443    1.996543    1.996908        477  5     0.6        100
 [2,]          473 0.4607677              473  0.4674176    1.995983    1.997401        490  5     0.6        500
 [3,]          444 0.3990735              447  0.4071739    1.994383    1.997160        481  5     0.6       1000
 [4,]          470 0.4680641              475  0.4787779    1.996301    2.000226        479  5     0.9        100
 [5,]          456 0.4660965              450  0.4573931    1.997473    2.000161        488  5     0.9        500
 [6,]          452 0.4039506              450  0.3879822    1.997207    2.000205        490  5     0.9       1000
 [7,]          444 0.4142577              469  0.4694045    2.002087    2.003230        449 10     0.6        100
 [8,]          448 0.4104939              455  0.4236249    2.002218    2.002655        449 10     0.6        500
 [9,]          427 0.3404401              460  0.3853447    2.002268    2.002929        439 10     0.6       1000
[10,]          459 0.4278922              480  0.4860510    1.999633    2.001015        465 10     0.9        100
[11,]          470 0.4543377              477  0.4748943    1.999966    2.001201        475 10     0.9        500
[12,]          461 0.4382208              488  0.4807509    1.999493    2.000931        465 10     0.9       1000
> cbind(`data-sim-script_results`$all.bootys[, c(1,3,7)] / 500)
      wald.accepts           gen.wald.accepts                                    agreements
 [1,]        0.930                      0.956                                         0.954
 [2,]        0.946                      0.946                                         0.980
 [3,]        0.888                      0.894                                         0.962
 [4,]        0.940                      0.950                                         0.958
 [5,]        0.912                      0.900                                         0.976
 [6,]        0.904                      0.900                                         0.980
 [7,]        0.888                      0.938                                         0.898
 [8,]        0.896                      0.910                                         0.898
 [9,]        0.854                      0.920                                         0.878
[10,]        0.918                      0.960                                         0.930
[11,]        0.940                      0.954                                         0.950
[12,]        0.922                      0.976                                         0.930


# Monte Carlo
# B = 500
> `data-sim-script-mc_results`$all.montes
      wald.accepts    p.vals gen.wald.accepts gen.p.vals within.ests pooled.ests agreements Tt rho.lag samplesize
 [1,]          465 0.4609548              465  0.4689831    1.998636    2.000554        470  5     0.6        100
 [2,]          480 0.5049667              481  0.5084778    2.000062    2.000355        487  5     0.6        500
 [3,]          467 0.4775093              473  0.4791464    1.999680    1.999483        482  5     0.6       1000
 [4,]          478 0.5037536              486  0.5143169    1.999672    1.999968        476  5     0.9        100
 [5,]          475 0.4978482              478  0.5004639    1.999722    1.999709        495  5     0.9        500
 [6,]          481 0.4999700              484  0.4975967    2.000106    1.999926        493  5     0.9       1000
 [7,]          444 0.4440415              480  0.4948173    1.999390    1.999490        450 10     0.6        100
 [8,]          472 0.4936761              472  0.5092015    1.999594    1.999650        480 10     0.6        500
 [9,]          474 0.4957202              479  0.5002981    2.000197    1.999862        473 10     0.6       1000
[10,]          440 0.4360670              473  0.4838561    1.999369    1.999880        443 10     0.9        100
[11,]          473 0.4901515              478  0.4974652    1.999892    1.999898        469 10     0.9        500
[12,]          462 0.4874607              476  0.4974052    2.000282    2.000026        464 10     0.9       1000
> cbind(`data-sim-script-mc_results`$all.montes[, c(1,3,7)] / 500)
      wald.accepts gen.wald.accepts agreements
 [1,]        0.930            0.930      0.940
 [2,]        0.960            0.962      0.974
 [3,]        0.934            0.946      0.964
 [4,]        0.956            0.972      0.952
 [5,]        0.950            0.956      0.990
 [6,]        0.962            0.968      0.986
 [7,]        0.888            0.960      0.900
 [8,]        0.944            0.944      0.960
 [9,]        0.948            0.958      0.946
[10,]        0.880            0.946      0.886
[11,]        0.946            0.956      0.938
[12,]        0.924            0.952      0.928
